420673 163
739584 221237
461 883725
617609 376
885 194931
979 122788
632822 779972
933090 434728
248 894211
597 615113
2 999999
817653 405
8546 940329
627047 947900
999991 1
728 11664
34 306716
0 2
559804 888
263490 241
30981 738843
18795 423
166144 290
254556 934517
30541 673
743597 758383
327583 498
623 335435
272601 336485
814867 235350
48 601454
861315 750
654623 666423
959394 522058
647290 518421
986545 136
176249 28002
43 680039
916 615293
430820 309
670800 195001
707238 891
920264 599
518938 865
346331 702209
452225 147242
733078 131
842503 153914
1 999998
927492 347187
759502 614616
53 524002
37856 357
928703 382
282603 701063
158 949428
797701 689
963 319626
753 500279
355337 903
711060 274000
45633 31
749220 404122
849 375284
723850 534
506364 999
339073 2
999993 0
412870 448
139129 8014
405469 6510
703609 264889
621216 775
609055 104106
64818 133441
91 428630
493 56808
3055 505
460098 444914
0 1
450 439626
64840 889
587599 939
583804 117
292 881223
0 999997
603211 293993
399298 712552
677304 702
509923 178390
763353 591
180 531770
657700 319662
0 3
796755 281300
420743 509289
45125 582096
999991 2
864 675488
973980 476088
0 0
